1.898328607977756155e+00 1.818723662692075305e+00 1.865681066047633951e+00 1.955232834459470492e+00 1.824478410960153729e+00 2.553307198379820786e+00 2.266209651107274681e+00 2.209382059344358495e+00 1.614850499387667560e+00 1.709554292200386794e+00
2.815358996625815458e+00 2.614907352913276917e+00 3.133297134749092105e+00 3.525720201075007942e+00 2.934663615104106338e+00 4.409916937977471640e+00 3.189006671970628037e+00 3.772663878082036959e+00 2.302787576511331480e+00 2.932000267484959011e+00
2.898447516949811398e+00 2.432055048081288806e+00 2.466288188080207888e+00 2.431466489978161949e+00 2.615837541722425996e+00 3.564063938365850781e+00 3.139868795560535553e+00 3.058267171910602045e+00 2.509477574129447497e+00 2.442648886856728652e+00
2.905611648684936377e+00 2.482725056189667878e+00 2.810599142626208025e+00 3.225510154584614764e+00 2.582535125296589129e+00 3.956795810686334569e+00 2.626232489911936696e+00 3.667898104768815060e+00 2.464252483126130322e+00 2.520086772165968991e+00
2.395381829598686618e+00 2.818270629521873794e+00 2.548593567118921044e+00 2.720517013014751129e+00 2.668801021482381852e+00 3.766403319549659123e+00 3.127781230815124047e+00 2.791259000034741256e+00 1.907431082607871309e+00 2.411398126737517522e+00
2.388098015493785642e+00 1.793827213367662265e+00 2.909045479758182395e+00 2.717239261379160276e+00 2.218021028531098615e+00 2.466237741199700295e+00 2.675197539674494696e+00 3.163276568338887262e+00 1.872172602729363478e+00 2.122107347881243999e+00
2.941289850774576831e+00 3.061662354718991175e+00 2.981086806811747980e+00 3.060886992547494856e+00 2.970581622986220971e+00 4.516631775574419194e+00 3.637808310992915573e+00 3.466356392859661462e+00 2.441319162817275235e+00 3.067449974853827754e+00
2.236380772867476718e+00 2.469951916275428871e+00 1.667542206337315980e+00 2.038758835869633135e+00 2.190226945774282452e+00 3.090262558365363788e+00 2.680524765245413832e+00 2.081916516583312671e+00 1.877264482713549842e+00 1.856418921980544923e+00
2.660619115819935487e+00 2.620695241079805005e+00 2.862409376310411258e+00 3.033653158894396018e+00 2.343909090199713496e+00 4.187180746444421509e+00 2.611376698071832703e+00 3.002641058211376279e+00 2.411369828240845781e+00 2.438403199529151966e+00
2.001629009233083512e+00 2.222291414600163328e+00 2.654343236252044935e+00 2.843719928363218852e+00 2.351013524151705614e+00 3.741221368861405328e+00 2.411414527846827749e+00 2.954037291897302353e+00 1.558510621934786622e+00 2.448058347350328567e+00
